 105    119    136    138    145    154    190    200
   256    264    272    278    294    332    344    355
   362    374    378    382    389    394    401    409
   412    412    414    417    422    424    426    438
   441    444    445    455    458    460    465    466
   468    474    476    477    478    482    483    484
   486    489    490    492    494    495    496    498
   499    530    535    543    568    573    575    579
   583    587    591    621    713    834    900    944
   974  10006  10008  10013  10018  10019  10035  10055
 10060  10071  10078  10079  10093  10104  10110  10161
 10195  10209  10221  10242  10281  10297  10302  10323
 10340  10347  10407  10432  10451  10469  10490  10499
 10515  10522  10533  10573  10591  10678  10679  10683
 10783  10784  10790  10812  10815  10922  10929  10931
 10991  11058  11121  11152  11172  11192  11192  11219
 11220  11233  11332  11343  11388  11417  11437  11455

ID 8206387=hashmat
http://freebookstock.blogspot.com/2014/10/download-nctb-text-books-of-class-9-10.html